138
663
719
3541
4749
4783
4887
4939
5349
6005
6727
7503
8360
8971
9320
9510
11312
11320
11393
11723
12888
13506
13534
13732
13753
13763
13916
14309
14556
14561
14572
14574
14586
14591
14598
14620
14624
14630
14634
14647
14650
14655
14664
14686
14796
15401
15705
16146
16487
16496
16542
16544
16545
16549
16554
16560
16564
16568
16571
16579
16584
16590
16600
16617
16622
16629
16633
16643
16648
16649
16659
17229
17257
18667
18735
18901
18951
19339
20199
20530
20534
20535
20545
20684
20701
22732
25812
25825
25832
25845
25865
25872
26650
26693
27764
27943
27949
27954
27962
27992
28560
28849
29392
30732
30928
31816
33086
33212
34461
35853
37741
39068
39691
40549
40773
41315
42949
44017
44018
45240
45838
46321
47171
48773
52146
52180
53058
55494
55814
56905
58984
58999
59908
59919
59927
59944
60053
60239
60294
60656
60812
61128
61603
61616
62371
63085
64463
64476
64479
64724
64729
64818
64957
65215
65709
65811
67170
68362
68365
68369
68517
68705
69774
69780
69852
69998
70065
70551
71562
71564
71573
72180
72191
72801
73054
75284
75507
75957
76002
76395
78000
79349
80499
80562
80594
80604
80607
81533
81535
81537
81539
81545
81546
81548
81551
81552
81555
81557
81558
81572
81574
84076
84088
86998
87000
87088
87440
87467
87643
90316
90326
90333
90894
90899
90903
94241
95654
97292
100026
100191
100476
103139
105280
105316
105461
105462
106557
107862
109314
109418
109780
109926
110541
110661
110761
110867
110879
110982
111062
111318
111326
111436
111442
111478
111630
111902
117526
117700
118283
118979
120296
121377
121628
121909
122130
122230
133719
144361
145807
145906
150773
151108
152342
152712
153705
153797
153798
153799
154022
154121
154235
159721
159722
191183
