9
11
138
495
497
512
561
663
805
862
863
864
866
867
869
873
874
876
877
878
879
880
881
882
883
884
885
886
887
889
890
891
893
894
895
896
897
898
2156
2158
2166
2169
2179
2189
2816
2820
2823
2893
2895
3073
3541
3546
3551
3999
4081
4085
4089
4092
4105
4428
4442
4557
4575
4699
4745
4749
4752
4755
4758
4760
4770
4773
4776
4783
4788
4791
4793
4796
4884
4887
4896
5096
5173
5288
5292
5304
5349
5352
5355
5357
5375
5498
5502
5569
5574
5848
6002
6005
6009
6010
6565
6786
6831
6835
7021
7030
7162
7489
7503
7532
7633
7634
7680
7694
7755
7988
8000
8034
8044
8097
8104
8209
8360
8475
8528
8606
8624
8900
8953
8958
8969
8971
8975
8977
8980
8983
8987
8991
8993
8996
8999
9003
9006
9010
9013
9015
9018
9021
9148
9255
9312
9318
9320
9326
9503
9510
9516
9524
9527
9530
9535
9550
9553
9614
9672
10000
10018
10157
10161
10170
10281
10287
10509
10550
10981
10985
10999
11003
11010
11014
11022
11025
11146
11153
11155
11158
11162
11165
11167
11272
11294
11312
11318
11371
11390
11392
11393
11434
11548
11575
11613
11723
11764
11767
12007
12032
12178
12314
12317
12325
12402
12408
12415
12535
12658
12683
12752
12814
12874
12875
12876
12879
12883
12888
12891
12895
13078
13120
13208
13218
13447
13451
13455
13481
13484
13487
13726
13732
13742
13745
13753
13760
13763
13827
13832
13954
13956
13966
14022
14027
14309
14316
14317
14519
14556
14561
14569
14572
14574
14586
14591
14594
14598
14620
14624
14630
14634
14636
14647
14650
14655
14664
14762
14780
14848
14849
14896
15154
15156
15257
15260
15269
15273
15279
15303
15305
15401
15406
15468
15486
15496
15563
15569
15575
15698
15701
15705
15708
15714
15716
15717
15720
15721
15723
15758
16134
16137
16146
16147
16151
16156
16159
16162
16166
16169
16171
16174
16177
16179
16183
16192
16197
16200
16205
16207
16212
16218
16223
16228
16231
16234
16237
16241
16246
16250
16253
16257
16261
16264
16267
16275
16281
16293
16295
16298
16303
16305
16307
16309
16312
16313
16316
16319
16321
16324
16327
16329
16333
16336
16340
16343
16347
16349
16354
16355
16359
16362
16365
16367
16370
16373
16376
16385
16389
16394
16398
16405
16410
16413
16417
16434
16439
16449
16464
16473
16485
16487
16488
16490
16492
16494
16495
16496
16497
16499
16502
16504
16512
16532
16539
16542
16544
16545
16549
16551
16554
16557
16558
16560
16564
16568
16571
16579
16584
16590
16600
16617
16622
16625
16629
16633
16636
16643
16646
16648
16649
16651
16659
16662
16669
16671
16676
16682
16684
16689
16695
16705
16708
16715
16723
16729
16848
16958
16964
16969
17161
17178
17179
17191
17394
17444
17458
17841
17948
17951
17956
18598
18735
18743
18830
18951
18953
18956
19200
19322
19333
19336
19339
20155
20198
20199
20314
20360
20390
20397
20399
20419
20430
20449
20507
20525
20526
20530
20534
20535
20537
20539
20541
20542
20543
20545
20554
20556
20559
20579
20596
20597
20598
20599
20624
20684
20686
20692
20697
20701
20704
20706
20887
21165
21175
21445
21472
21668
21672
21679
21682
21711
21718
21722
21727
21907
21914
21934
21937
22121
22149
22153
22163
22165
22179
22182
22191
22194
22201
22204
22208
22242
22245
22270
22369
22387
22393
22475
22478
22502
22527
22538
22614
22808
22857
22862
22866
22871
23098
23294
23333
23348
23361
23370
23376
23387
23458
23461
23639
23643
23700
23968
23972
23979
23983
24003
24202
24209
24213
24219
24306
24315
24332
24442
24445
24460
24463
24465
24539
24543
24545
24658
24661
24667
24671
24674
24677
24681
24684
24687
24836
25036
25042
25054
25247
25671
25740
25743
25749
25753
25760
25770
25774
25778
25781
25787
25790
25793
25798
25801
25806
25807
25810
25812
25825
25832
25856
25859
25862
25865
25868
25872
25964
25973
26070
26082
26083
26085
26087
26217
26643
26650
27027
27094
27100
27107
27123
27126
27134
27138
27145
27148
27152
27157
27160
27163
27167
27170
27281
27307
27309
27310
27357
27596
27764
27777
27819
27886
27890
27927
27930
27936
27943
27949
27954
27958
27959
27962
27966
27972
27980
27984
27987
27992
27999
28027
28056
28067
28086
28096
28102
28119
28136
28143
28146
28154
28157
28173
28275
28278
28290
28293
28339
28400
28406
28408
28423
28426
28430
28432
28446
28448
28494
28542
28548
28560
28849
28853
28857
28860
28862
28865
28868
28874
28876
28881
28884
28890
28893
28899
28918
29009
29095
29392
29395
29401
29434
29437
29446
29488
29734
29757
29759
29761
30166
30168
30174
30176
30341
30361
30365
30368
30372
30419
30420
30493
30496
30701
30709
30732
30839
30899
30901
31173
31176
31233
31285
31600
31602
31606
31809
31816
31819
32086
32091
32094
32123
32128
32132
32289
32333
32349
32588
32590
32594
32596
32630
32640
32641
32822
32825
33212
33219
33249
33552
33769
33781
34048
34055
34145
34149
34151
34181
34299
34302
34310
34449
34461
34494
34497
34508
34654
34660
34720
34852
35145
35149
35155
35175
35180
35184
35195
35198
35200
35226
35229
35248
35259
35262
35269
35280
35427
35448
35455
35513
35579
35594
35620
35669
35677
35682
35686
35689
35708
36067
36193
36240
36251
36254
36257
36492
36495
36508
36519
36525
36595
36597
36610
36678
36726
36936
37300
37368
37379
37384
37387
37390
37428
37432
37506
37511
37739
37741
37743
37749
38838
39070
39224
39229
39234
39242
39247
39250
39273
39465
39479
39492
39493
39496
39510
39528
39542
39554
39560
39652
39690
39691
39718
39779
39812
39813
39845
39851
39931
39941
39945
39951
39954
40381
40385
40388
40507
40540
40549
40558
40599
40616
40619
40647
40652
40773
41208
41211
41217
41426
41441
41483
42949
42953
43145
43148
43151
43158
43162
43165
43169
43173
43180
43183
43189
43192
43196
43200
43204
43211
43418
43957
43965
43988
43989
43995
44002
44005
44017
44018
44021
44063
44065
44069
44075
44084
44731
44739
44742
44767
44770
44775
44816
44826
44829
44831
44839
44844
44846
44852
44880
44883
44886
44889
44892
45240
45259
45267
45753
45829
45838
46084
46092
46134
46264
46266
46269
46314
46321
46327
46337
46352
46356
46359
46364
46367
46369
46372
46374
46376
46378
46382
46383
46385
46387
46390
46392
46394
46398
46401
46415
46423
46426
46429
46432
46435
46438
46441
46446
46450
46455
46458
46461
46466
46469
46472
46474
46477
46480
46482
46487
46499
46722
46728
46743
46787
46790
46817
47084
47089
47135
47139
47141
47149
47153
47156
47159
47181
47188
47313
47578
47582
47588
47590
47596
47599
47601
47634
47637
47669
47800
47803
48141
48499
48506
48515
48532
48535
48679
48719
48776
48781
49008
49011
49017
49021
49022
49025
49028
49034
49035
49039
49068
49195
49197
49204
49229
49262
49307
49310
49313
49321
49322
49323
49324
49325
49326
49327
49328
49329
49330
49331
49332
49336
49422
49425
49428
49431
49436
49439
49594
49643
49651
49657
49661
49686
49702
49705
49708
49711
49714
49723
50295
50296
50306
50309
50317
50578
50665
50669
50947
50954
50983
51130
51450
51509
51541
51577
51582
51794
51797
51811
51815
52146
52177
52180
52186
52188
52235
52244
52293
52296
52306
52642
52660
52697
52719
52980
52983
52986
52989
52992
52995
52998
53001
53004
53007
53010
53039
53042
53045
53058
53061
53064
53067
53072
53115
53144
53213
53237
53273
53488
53495
53501
53563
53880
53883
54743
54745
54751
54757
54778
54787
54891
55186
55196
55209
55380
55494
55498
55501
55621
55655
55692
55706
55710
56033
56089
56094
56133
56464
56556
56680
56682
56731
56862
56905
57048
57049
57050
57051
57148
57163
57164
57191
57197
57209
57211
57215
57468
57652
57727
57854
57906
57996
58050
58052
58139
58141
58625
58698
58702
58833
58977
58984
58992
58996
58999
59002
59004
59006
59421
59426
59431
59435
59443
59445
59455
59643
59646
59779
59781
59784
59787
59798
59805
59809
59820
59822
59823
59836
59837
59843
59847
59856
59858
59865
59867
59874
59882
59891
59894
59897
59899
59905
59907
59908
59912
59914
59916
59919
59923
59927
59930
59940
59944
59950
59956
59960
59966
59967
59969
59971
59974
59976
59979
59982
59989
60053
60235
60237
60239
60251
60253
60254
60257
60259
60260
60281
60287
60294
60297
60426
60503
60510
60514
60623
60627
60736
60747
60755
60804
60809
60812
60867
60869
60881
61103
61108
61112
61115
61117
61120
61122
61125
61128
61129
61136
61139
61141
61146
61148
61151
61156
61158
61263
61428
61483
61595
61608
61612
61616
61642
61665
61709
61732
61741
61748
61758
61760
61764
61989
62042
62077
62126
62144
62169
62243
62271
62273
62275
62277
62290
62294
62296
62298
62306
62309
62312
62315
62317
62323
62326
62329
62371
62393
62444
62450
62460
62536
62558
63078
63141
63182
63190
63532
63773
63776
63780
63783
63979
63990
64001
64007
64027
64029
64032
64276
64363
64385
64412
64441
64453
64463
64476
64479
64489
64491
64493
64642
64686
64715
64724
64729
64732
64736
64740
64745
64748
64751
64754
64764
64768
64772
64818
64920
64952
64957
64962
64979
64996
65011
65170
65215
65353
65509
65709
65811
65821
65826
65829
65830
65832
65842
65845
65847
65848
65854
65861
65864
65868
65871
65879
65884
65887
65893
65901
65906
65908
65912
65916
65920
65925
65926
65930
65937
65940
65945
65949
66018
66022
66031
66042
66046
66108
66139
66144
66147
66149
66152
66159
66164
66173
66174
66179
66184
66190
66192
66195
66198
66201
66204
66207
66210
66218
66221
67362
68041
68388
68395
68407
68428
68433
68517
68705
68708
68719
68761
68784
68792
68823
68931
69003
69041
69137
69138
69139
69287
69327
69424
69447
69533
69538
69541
69612
69619
69620
69774
69780
69844
69998
70028
70035
70036
70037
70038
70044
70065
70118
70125
70133
70134
70135
70185
70371
70374
70381
70538
70550
70551
70592
70594
71018
71191
71248
71264
71488
71509
71524
71529
71562
71564
71573
71575
71577
71583
71586
71589
71771
71777
71781
71971
71978
71982
72177
72180
72183
72185
72187
72188
72190
72191
72193
72320
72350
72354
72360
72363
72375
72380
72398
72445
72446
72728
72788
72801
72864
72878
72889
72951
72953
72955
72956
72957
72973
73049
73054
73417
73420
73643
73644
73645
73646
73647
73648
73649
73650
73657
73669
74069
74136
74242
74304
74375
74505
74507
74509
74569
74682
74687
74694
74699
74821
74825
74882
74884
74967
75068
75091
75097
75104
75284
75315
75317
75320
75322
75361
75374
75390
75392
75393
75409
75507
75538
75568
75574
75602
75604
75957
75974
75980
75988
76047
76054
76166
76168
76212
76240
76244
76258
76267
76275
76279
76391
76571
76624
76645
76775
76777
76781
76810
76816
76854
76855
76868
76877
76879
76890
76893
76899
76900
76910
77125
77615
78000
78285
78289
78290
78503
78504
78506
78507
78517
78591
79012
79021
79025
79035
79037
79067
79072
79099
79108
79307
79310
79314
79349
79383
79387
79505
79507
79572
79584
79586
79588
79598
79600
79602
79716
79729
79765
79768
79772
79774
79777
79781
79789
80062
80071
80072
80073
80084
80213
80215
80216
80221
80348
80366
80374
80436
80438
80450
80456
80460
80463
80475
80478
80480
80485
80487
80488
80491
80493
80494
80499
80501
80510
80524
80526
80530
80535
80537
80538
80539
80540
80542
80547
80548
80553
80560
80562
80565
80567
80568
80570
80571
80574
80575
80579
80586
80587
80589
80604
80607
80720
80827
80858
81500
81501
81503
81505
81507
81509
81510
81512
81515
81516
81519
81521
81522
81525
81533
81535
81537
81539
81540
81545
81546
81548
81551
81552
81555
81557
81558
81561
81562
81564
81566
81568
81572
81574
81576
82306
82410
82413
82417
82418
82420
82506
82509
82511
82548
82589
83156
83642
83903
83905
83913
83915
84076
84088
84094
84096
84100
84123
84228
84235
84239
84241
84246
84248
84705
84707
84709
84742
84767
86232
86233
86236
86237
86246
86285
86286
86297
86298
86323
86326
86338
86374
86385
86441
86448
86451
86780
86782
86904
86953
86955
86998
87000
87007
87045
87054
87056
87088
87171
87263
87310
87437
87440
87447
87454
87456
87467
87479
87515
87531
87633
87637
87643
87760
87763
88012
88021
88258
88372
88374
88404
88580
88582
88619
88632
88793
89043
89232
89403
89516
89519
89575
89626
89726
89984
90024
90048
90060
90062
90064
90071
90156
90207
90253
90256
90311
90333
90334
90437
90439
90440
90441
90445
90475
90581
90583
90862
90891
90894
90899
90903
90906
90982
90984
93342
93343
93344
93346
93355
93372
93394
93434
93450
93521
93554
93737
93779
93780
93781
93782
93783
93784
93788
93789
93798
93799
93800
93801
93802
93803
93804
93805
93806
93807
93808
93811
93812
93813
93814
93815
93900
93923
93926
94007
94123
94124
94125
94126
94127
94140
94141
94144
94145
94148
94149
94189
94239
94240
94241
94840
94841
94842
95108
95183
95203
95204
95349
95420
95613
95654
95991
95992
95993
95997
95998
96543
96545
96558
96559
96621
96625
96627
97291
97292
97391
97392
97396
97397
97398
97401
97402
97403
97404
97405
97406
97409
97410
97681
97873
97874
97884
97887
97888
97889
97890
97891
97892
97893
97894
97895
97896
97897
97898
97899
97900
97902
97903
97904
97906
97907
97908
97909
97910
97912
97933
99306
99345
99357
99359
99362
99424
99542
99611
99613
99614
99615
99616
99652
99653
99654
99655
99758
100026
100060
100061
100191
100226
100227
100248
100249
100250
100252
100341
100342
100345
100346
100347
100348
100350
100351
100352
100353
100354
100355
100356
100472
100476
100487
100489
100829
100830
100858
101056
101077
101517
101518
101781
102087
102088
102089
102090
102091
102092
102096
102098
102227
102229
102232
102234
102235
102245
102578
102580
102581
102582
102777
103139
103302
103305
103391
103452
104031
104082
104086
104106
104107
104259
104260
104261
104262
104263
104264
104265
104266
104267
104268
104269
104270
104271
104272
104273
104274
104275
104276
104277
104278
104280
104281
104289
104470
104473
104672
104982
105024
105025
105078
105100
105206
105207
105280
105291
105462
105466
105474
105528
105532
105533
105535
105600
105604
105698
105704
105778
105786
105800
105885
105887
105932
105941
105945
106557
107069
107836
107862
107918
107920
107935
107937
107938
107939
108747
108749
108798
108850
109220
109221
109228
109237
109238
109239
109240
109260
109275
109278
109285
109314
109322
109323
109328
109330
109418
109426
109439
109487
109529
109571
109620
109625
109692
109693
109780
109819
109885
109886
109888
109890
109914
109916
109926
109938
110242
110305
110306
110416
110507
110527
110541
110559
110561
110661
110663
110673
110752
110754
110759
110760
110761
110767
110776
110782
110798
110820
110823
110824
110867
110869
110871
110872
110873
110879
110961
110962
110964
110965
110966
110968
110969
110970
110973
110974
110982
110983
111041
111057
111059
111060
111062
111065
111074
111077
111078
111082
111112
111174
111250
111261
111281
111295
111317
111318
111326
111377
111381
111418
111427
111428
111436
111441
111442
111444
111453
111455
111456
111467
111478
111559
111608
111609
111610
111611
111613
111614
111615
111616
111617
111618
111619
111620
111622
111623
111624
111625
111626
111628
111629
111630
111631
111632
111635
111636
111637
111639
111640
111642
111645
111646
111647
111648
111649
111650
111651
111654
111655
111656
111657
111660
111662
111663
111664
111665
111666
111667
111668
111669
111670
111671
111718
111726
111728
111729
111730
111736
111746
111872
116101
117188
117189
117194
117201
117241
117242
117254
117256
117260
117261
117262
117263
117264
117266
117279
117357
117473
117476
117477
117581
117582
117700
117701
117702
117703
118281
118283
118284
118385
118386
118537
118569
118576
118577
118578
118592
118597
118613
118614
118657
118661
118671
118673
118675
118687
118691
118694
118696
118718
118729
118730
118731
118733
118737
118759
118765
118766
118963
118964
118978
118979
118981
119115
119264
119521
119982
119985
120081
120082
120102
120103
120104
120154
120163
120170
120171
120172
120296
120502
120542
120577
120662
120665
120666
120668
120669
120672
120817
120896
121377
121403
121628
121629
121909
122130
122230
122232
123402
124654
124662
124827
125112
125658
125660
125663
127644
127724
127725
129094
129639
129756
129849
129851
129854
129856
129857
129858
129859
129860
129861
129862
129863
129864
129865
129866
129867
129868
129869
129870
129871
129872
129873
129874
129875
129878
129879
129880
129881
129882
129883
129884
129885
129887
129888
129889
129890
129891
129892
129893
129905
130390
130391
130501
130520
130649
130650
130651
130652
130653
130654
130655
130656
130657
130658
130679
130749
131407
131815
131816
131822
131858
131884
131892
131906
131908
131912
131915
131916
131928
131929
131930
131931
131932
131933
131934
131935
131936
131937
131938
131939
131940
131941
131942
131943
131944
131945
131946
131947
131948
131949
131950
131951
131954
131955
131957
131958
131959
131960
131961
131962
131963
131964
131965
132672
132992
133146
133363
133364
133365
133852
133859
133862
133864
134050
134055
134056
134057
135853
135854
136190
136192
136193
136194
136392
136393
136394
136395
136396
136397
136399
136950
136951
137125
139884
139885
139886
139887
139888
139889
139907
140587
140588
140599
140600
140610
140644
140645
142422
142517
142521
142524
142526
143675
144355
144361
144397
144467
144814
144918
144921
144929
144939
144969
144970
144971
144972
144984
145241
145242
145243
145244
145247
145289
145673
145677
145804
145805
145806
145807
145808
145906
146272
146282
146559
146648
146701
146853
146860
146905
146906
146907
146909
146913
146918
146923
146951
146952
146953
146986
146987
146988
146990
146991
146994
146995
146996
146997
146998
146999
147000
147001
147002
147003
147005
147451
147478
148414
148415
148418
148422
148423
148424
149075
149374
149778
149784
149913
149966
150040
150041
150042
150043
150054
150064
150065
150071
150406
150426
150991
151047
151048
151108
151114
151363
151364
151424
152019
152057
152428
152429
152437
152747
152751
152752
152753
152754
152755
152757
152758
152759
152760
152761
152846
152850
152851
153498
153698
153699
153700
153701
153702
153703
153705
153797
153798
153799
153993
154037
154057
154121
154124
154125
154127
154128
154129
154131
154177
154235
154483
154495
154496
156072
156075
156076
156077
156078
156474
156475
156476
156477
156478
156479
156480
156481
156482
156483
156484
156494
156596
156598
156599
156600
157107
157113
157153
157155
157156
157157
157158
157159
157924
158102
158103
158110
158111
158116
158137
158454
158456
158457
158466
158483
158639
158748
158749
158750
158751
158752
159630
159721
159722
159770
159810
159814
159844
160015
160016
160017
160022
160029
160030
160031
160032
160136
160222
160226
160229
160234
180204
180207
180581
180709
180711
181083
181084
181339
181460
181478
181702
181775
181777
182075
182381
182382
182383
182384
182385
182386
182387
182388
182389
182391
182416
182417
182418
182419
182762
183002
183006
183277
183278
183287
183292
183293
183344
183372
183888
184089
184095
184107
184212
184213
184362
184371
184372
184427
184428
184429
184430
184431
184432
184520
184618
184637
184638
184668
184989
184999
185000
185001
185008
185011
185026
185032
185043
185044
185048
185069
185070
185078
185081
185132
185185
185186
185187
185188
185189
185190
185222
185561
185759
185760
185761
185763
185764
185765
185766
185767
185775
185778
185779
185780
185783
185866
186049
186050
186365
186382
186392
186425
186680
186682
186720
186823
187038
187047
187049
187050
187053
187054
187055
187091
187092
187751
187831
188445
188555
188866
188974
189161
189208
189396
189397
189398
189556
189932
190069
190405
190438
190439
190579
190811
190828
190830
190831
190832
190834
190835
190837
191183
191321
191323
191487
191556
191563
191564
191565
191598
191599
192235
192261
192605
192607
192691
192692
192693
192694
192695
192717
192885
193241
193297
193326
193328
193329
193330
193331
193332
193333
193334
193335
193425
193664
193869
193926
194773
196282
196317
196413
196415
197581
198016
198077
198303
198558
198567
198809
198810
198874
198904
198905
198908
198910
198916
198948
198949
199002
199565
199639
199640
199642
199643
199646
199647
199648
199649
199650
199651
199652
199850
199852
199853
