20711
24836
25693
25699
26774
28697
29144
29449
31027
38590
40679
45368
46569
47149
47914
48561
48771
50283
51119
53474
58590
62703
66174
66439
66442
66756
66759
69013
73486
75201
76282
76367
90868
93882
94067
94150
94586
97444
97771
98149
98150
98151
98152
98153
98154
98156
98157
98158
98159
98160
98161
98163
98164
98165
98166
98167
98168
98169
98170
98171
98172
98173
98174
98175
98176
98177
98178
98179
98180
98181
98182
98183
98185
98186
98187
98188
98189
98190
98191
98192
98193
98194
98195
98196
98197
98198
98199
98200
98201
98202
98203
98204
98205
98206
98207
98208
98209
98210
98211
98212
98214
98215
98216
98217
98218
98219
98220
98221
98222
98223
98224
98225
98226
98227
98228
98229
98230
98231
98232
98233
98234
98235
98236
98237
98238
98239
98241
98242
98243
98244
98245
98246
98248
98249
98250
98251
98252
98253
98255
98256
98257
98258
98259
98260
98261
98262
98263
98264
98265
98266
98267
98268
98269
98270
98271
98272
98273
98274
98275
98276
98277
98278
98279
98280
98281
98282
98283
98284
98285
98286
98287
98288
98289
98290
98291
98292
98293
98294
98295
98296
98297
98298
98299
98300
98301
98302
98303
98304
98305
100864
102234
105077
108645
108646
108647
108648
108649
108650
108651
108652
108653
108654
108655
108656
108657
108658
108659
108660
108661
108662
108663
108664
108665
108666
108667
108668
108669
108670
108671
108672
108673
108674
108675
108676
108677
108678
108679
108680
108681
108682
108683
108684
108685
108686
108687
108688
108689
108690
108691
108692
108693
108694
108695
108696
108697
108698
108700
108701
108702
108703
108704
109915
111936
117770
117892
117899
117902
117904
117906
117907
117908
121159
121211
121246
121247
122054
122223
122224
122226
122228
122233
122234
122236
122237
122238
122560
122561
125658
131299
131300
131301
131302
131303
131304
131305
131306
131307
131308
131309
131310
131311
131312
131313
131314
131315
131316
131317
131318
132348
132349
132350
132351
132352
132353
132354
132355
132356
132357
132358
132359
132360
132361
132362
132672
146886
146909
146926
148415
149056
149057
149058
149059
149060
149980
149983
150044
150045
150046
150047
150048
150049
150050
150051
150052
151214
151427
151431
151527
151528
151529
151530
151531
151532
151533
151534
151535
151536
151542
151544
152058
152060
158078
181041
181157
181158
181159
181160
181161
181162
181163
181164
181165
181184
181185
181186
181187
181188
181189
181190
181191
181192
181442
182761
182806
183434
184362
185223
187133
187134
187135
187136
187137
187138
188547
188548
188549
188550
194220
194221
194224
194225
194226
194227
194228
194229
194230
194231
194232
194233
194234
194235
194236
194237
194238
194239
194240
194241
194242
194243
194244
194245
194246
194247
194248
194249
194250
194251
194252
194253
194254
194255
194256
194257
194258
194259
194260
194261
194262
194263
194264
194265
194266
194267
194268
194269
194270
194271
194272
194273
194274
194275
194276
194277
194278
194279
194280
194281
194282
194283
194284
194285
194286
194287
194288
194289
194290
194291
194292
194293
194294
194295
194296
194297
194298
194299
194300
194301
194302
194303
194304
194305
194306
194307
194308
194309
194310
194311
194312
194313
194314
194315
194316
194317
194318
194319
194320
194321
194322
194323
194324
194325
194326
194327
194328
194329
194330
194331
194332
194333
194334
194335
194336
194337
194338
194339
194340
194341
194342
194343
194345
194346
194347
194348
194349
194350
194351
194352
194353
194354
194355
194356
194357
194358
194359
194360
194361
194362
194363
194364
194365
194366
194367
194368
194369
194370
194371
194372
194373
194374
196101
196422
198322
